set apps := 1 2 3 4 5 6 7 8 9 10 11 12 13 14 15 16 17 18 19 20 21 22 23 24 25 26 27 28 29 30 31 32 33 34 35 36 37 38 39 40 41 42 43 44 45 ;
set drives := 1 2 3 4 5 6 7 8 9 10 ;
set users := 1 2 3 4 5 6 7 8 9 10 11 12 13 14 15 ;
set app_params := user gen read time prior;
set user_params := profile read write security access priority;
set drive_params := read_s write_s size;
param applications :
	user gen read time prior :=
1 15 170 480 7 3
2 14 120 460 25 2
3 11 360 210 25 3
4 15 230 380 29 2
5 2 230 310 17 1
6 2 240 420 1 3
7 14 370 370 9 3
8 8 150 150 16 1
9 14 150 170 2 3
10 5 250 320 2 2
11 7 250 380 26 3
12 1 280 250 9 1
13 15 330 410 14 1
14 4 450 180 11 2
15 5 200 210 21 1
16 8 110 330 23 2
17 9 340 360 20 1
18 4 70 70 24 2
19 9 250 50 8 3
20 12 320 70 27 2
21 12 50 460 21 3
22 12 150 460 18 3
23 10 200 260 25 1
24 1 390 120 24 3
25 15 140 60 7 3
26 5 170 160 24 2
27 15 240 260 17 3
28 2 90 190 27 1
29 10 100 450 22 3
30 9 450 470 19 2
31 14 110 180 18 2
32 14 230 350 21 3
33 9 300 160 13 1
34 8 250 450 15 1
35 1 260 140 8 3
36 7 450 290 24 2
37 3 490 330 11 1
38 3 330 460 10 3
39 8 70 210 29 1
40 4 370 290 15 1
41 8 490 410 12 2
42 3 60 320 30 1
43 13 50 80 16 2
44 5 380 440 22 2
45 4 480 90 21 2
;
param phys_drives :
	read_s write_s size :=
1 120 50 50000 
2 140 200 40000 
3 370 50 50000 
4 530 310 65000 
5 320 330 55000 
6 310 250 55000 
7 110 420 65000 
8 250 340 55000 
9 80 340 60000 
10 510 520 45000 
;
param sys_users :
	profile read write security access priority :=
1 0 0 0 0 0 0
2 0 0 0 0 0 0
3 0 0 0 0 0 0
4 0 0 0 0 0 0
5 0 0 0 0 0 0
6 0 0 0 0 0 0
7 0 0 0 0 0 0
8 0 0 0 0 0 0
9 0 0 0 0 0 0
10 0 0 0 0 0 0
11 0 0 0 0 0 0
12 0 0 0 0 0 0
13 0 0 0 0 0 0
14 0 0 0 0 0 0
15 0 0 0 0 0 0
