set apps := 1 2 3 4 5 6 7 8 9 10 11 12 13 14 15 16 17 18 19 20 21 22 23 24 25 26 27 28 29 30 31 32 33 34 35 36 37 38 39 40 ;
set drives := 1 2 3 4 5 6 7 8 9 10 ;
set users := 1 2 3 4 5 6 7 8 9 10 11 12 13 14 15 ;
set app_params := user gen read time prior;
set user_params := profile read write security access priority;
set drive_params := read_s write_s size;
param applications :
	user gen read time prior :=
1 13 430 320 19 3
2 12 150 280 26 2
3 2 180 110 20 1
4 9 300 250 14 2
5 6 70 240 24 3
6 1 440 210 28 2
7 5 480 350 6 1
8 11 420 360 9 1
9 10 320 180 19 3
10 6 280 250 29 1
11 10 260 180 27 1
12 2 180 130 10 3
13 5 370 50 7 3
14 12 150 140 19 1
15 5 180 380 24 1
16 8 460 200 18 3
17 13 340 190 10 2
18 8 420 460 6 1
19 8 350 370 14 1
20 3 350 100 6 1
21 14 360 150 3 3
22 3 370 90 11 2
23 12 320 410 14 1
24 14 90 90 5 3
25 10 300 300 15 1
26 13 190 420 15 1
27 5 220 250 6 2
28 14 310 160 4 2
29 12 470 280 2 3
30 4 230 230 9 3
31 9 110 370 17 1
32 3 300 310 1 1
33 12 410 90 2 1
34 8 450 190 5 1
35 10 160 490 8 3
36 9 170 310 11 2
37 10 420 310 11 1
38 5 410 50 11 2
39 10 180 180 11 3
40 8 270 220 5 2
;
param phys_drives :
	read_s write_s size :=
1 380 150 50000 
2 380 100 55000 
3 250 370 50000 
4 320 110 45000 
5 70 160 50000 
6 310 190 60000 
7 520 520 50000 
8 200 500 60000 
9 320 310 55000 
10 100 260 55000 
;
param sys_users :
	profile read write security access priority :=
1 0 0 0 0 0 0
2 0 0 0 0 0 0
3 0 0 0 0 0 0
4 0 0 0 0 0 0
5 0 0 0 0 0 0
6 0 0 0 0 0 0
7 0 0 0 0 0 0
8 0 0 0 0 0 0
9 0 0 0 0 0 0
10 0 0 0 0 0 0
11 0 0 0 0 0 0
12 0 0 0 0 0 0
13 0 0 0 0 0 0
14 0 0 0 0 0 0
15 0 0 0 0 0 0
